# Lines starting with # are ignored
# Grid spaces are space delimited. Any amount of spaces are OK
# A grid space can contain comma delimited values
# First value is the object type
# Second value is the object modifier
# Second value is optional and context-sensitive
# Second value is often rotation

# Tile Values
# 0 Void
# 1 Floor
# 2 Wall
# 3 Counter
# 4 Food Bucket
# 5 Dog Cage

# Rotational Values:
# 1 Down
# 2 Left
# 3 Up
# 4 Right

01,0 01,0 01,0 01,0 01,0 01,0 01,0 01,0 01,0 01,0 01,0 01,0 01,0 01,0 01,0 01,0 01,0 01,0 01,0 01,0 01,0 01,0
01,0 01,0 02,1 02,1 02,1 02,1 02,1 02,1 02,1 02,1 02,1 02,1 02,1 02,1 02,1 02,1 02,1 02,1 02,1 02,1 01,0 01,0
01,0 02,4 05,3 03,1 04,0 01,2 01,0 01,0 05,1 05,3 05,1 05,3 05,1 05,3 01,0 01,0 05,2 03,2 05,4 01,0 02,2 01,0
01,0 02,4 01,0 03,1 01,0 01,2 01,0 01,0 01,0 01,0 01,0 01,0 01,0 01,0 01,0 01,0 05,2 03,2 05,4 01,0 02,2 01,0
01,0 02,4 01,0 01,0 01,0 01,0 01,0 01,0 03,0 03,0 03,0 03,0 03,0 03,0 01,0 01,0 05,2 03,2 05,4 01,0 02,2 01,0
01,0 02,4 01,0 01,0 01,0 01,0 01,0 01,0 01,0 01,0 01,0 01,0 01,0 01,0 01,0 01,0 05,2 03,2 05,4 01,0 02,2 01,0
01,0 02,4 01,0 01,0 01,0 01,0 01,0 01,0 01,0 01,0 01,0 01,0 01,0 01,0 01,0 01,0 05,2 03,2 05,4 01,0 02,2 01,0
01,0 02,4 01,0 01,0 01,0 01,0 01,0 01,0 01,0 01,0 01,0 01,0 01,0 01,0 01,0 01,0 05,2 03,2 05,4 01,0 02,2 01,0
01,0 02,4 01,0 03,0 03,0 03,0 03,0 03,0 03,0 03,0 03,0 03,0 03,0 03,2 01,0 01,0 05,2 03,2 05,4 01,0 02,2 01,0
01,0 02,4 01,0 01,0 01,0 01,0 01,0 01,0 01,0 01,0 01,0 01,0 01,0 03,2 01,0 01,0 05,2 03,2 05,4 01,0 02,2 01,0
01,0 02,4 01,0 01,0 01,0 01,0 01,0 01,0 01,0 01,0 01,0 01,0 01,0 03,2 01,0 01,0 01,0 01,0 01,0 01,0 02,2 01,0
01,0 02,4 01,0 01,0 01,0 01,0 01,0 01,0 01,0 01,0 01,0 01,0 01,0 03,2 01,0 01,0 01,0 01,0 01,0 01,0 02,2 01,0
01,0 02,4 01,0 01,0 01,0 01,0 01,0 01,0 01,0 01,0 01,0 01,0 01,0 03,2 01,0 01,0 01,0 01,0 01,0 01,0 02,2 01,0
01,0 02,4 01,0 01,0 01,0 01,0 01,0 01,0 01,0 01,0 01,0 01,0 01,0 01,0 01,0 01,0 01,0 01,0 01,0 01,0 02,2 01,0
01,0 02,4 01,0 01,0 01,0 01,0 01,0 01,0 01,0 01,0 01,0 01,0 01,0 01,0 01,0 01,0 01,0 01,0 01,0 01,0 02,2 01,0
01,0 02,4 01,0 01,0 01,0 01,0 01,0 01,0 01,0 01,0 01,0 01,0 01,0 03,2 01,0 01,0 01,0 01,0 01,0 01,0 02,2 01,0
01,0 02,4 01,0 01,0 01,0 01,0 01,0 01,0 01,0 01,0 01,0 01,0 01,0 03,2 01,0 01,0 01,0 01,0 01,0 01,0 02,2 01,0
01,0 02,4 01,0 01,0 01,0 01,0 01,0 01,0 01,0 01,0 01,0 01,0 01,0 03,2 01,0 01,0 01,0 01,0 01,0 01,0 02,2 01,0
01,0 02,4 01,0 01,0 01,0 01,0 01,0 01,0 01,0 01,0 01,0 01,0 01,0 03,2 01,0 01,0 01,0 01,0 01,0 01,0 02,2 01,0
01,0 02,4 01,0 01,0 01,0 01,0 01,0 01,0 01,0 01,0 01,0 01,0 01,0 03,2 01,0 01,0 01,0 01,0 01,0 01,0 02,2 01,0
01,0 01,0 02,3 02,3 02,3 02,3 02,3 02,3 02,3 02,3 02,3 02,3 02,3 02,3 02,3 02,3 02,3 02,3 02,3 02,3 01,0 01,0
01,0 01,0 01,0 01,0 01,0 01,0 01,0 01,0 01,0 01,0 01,0 01,0 01,0 01,0 01,0 01,0 01,0 01,0 01,0 01,0 01,0 01,0
